2345235
2345235
2345236
2345236
2345237
2345237
2345237
2345237
2345237
2345237
2345237
2345237
2345237
2345237
2345237
2345237
2345237
2345237
2345237
2345237
2345237
2345237
2345237
2345237
2345237
2345237
2345237
2345237
2345237
2345237
2345237
2345237
2345237
2345237
2345237
2345237
2345237
2345237
2345237
2345237
2345237
2345237
2345237
2345237
2345237
2345237
2345237
2345237
2345237
2345237
2345237
2345237
2345237
2345237
2345237
2345237
2345237
2345237
2345237
2345237
2345237
2345237
2345237
2345237
2345237
2345237
2345237
2345237
2345237
2345237
2345237
2345237
2345237
2345237
2345237
2345237
2345237
2345237
2345237
2345237
2345237
2345237
2345237
2345237
2345237
2345237
2345237
2345237
2345237
2345237
2345237
2345237
2345238
2345238
2345238
2345238
2345238
2345238
2345238
2345239
2345239
2345240
2345240
2345241
2345241
2345242
2345242
2345243
2345243
2345244
2345244
2345244
2345244
2345244
2345244
2345244
2345244
2345244
2345244
2345244
2345244
2345244
2345244
2345244
2345244
2345244
2345244
2345244
2345244
2345244
2345244
2345244
2345244
2345244
2345244
2345244
2345244
2345244
2345244
2345244
2345244
2345244
2345244
2345244
2345244
2345244
2345244
2345244
2345244
2345244
2345244
2345244
2345244
2345244
2345244
2345244
2345244
2345244
2345244
2345244
2345244
2345244
2345244
2345244
2345244
2345244
2345244
2345244
2345244
2345245
2345245
2345245
2345245
2345245
2345245
2345245
2345245
2345245
2345245
2345245
2345245
2345245
2345245
2345245
2345245
2345245
2345245
2345245
2345245
2345245
2345245
2345245
2345245
2345245
2345245
2345245
2345245
2345245
2345245
2345245
2345245
2345245
2345245
2345245
2345246
2345246
2345247
2345247
2345248
2345248
2345249
2345249
2345249
2345250
2345250
2345251
2345251
2345252
2345252
2345252
2345252
2345252
2345252
2345252
2345252
2345252
2345252
2345252
2345252
2345252
2345252
2345252
2345252
2345252
2345252
2345252
2345252
2345252
2345252
2345252
2345252
2345252
2345252
2345252
2345252
2345252
2345252
2345252
2345252
2345252
2345252
2345252
2345252
2345252
2345252
2345252
2345252
2345252
2345252
2345252
2345252
2345252
2345252
2345252
2345252
2345252
2345252
2345252
2345252
2345252
2345252
2345252
2345252
2345252
2345252
2345252
2345252
2345252
2345252
2345252
2345252
2345252
2345252
2345252
2345252
2345252
2345252
2345252
2345252
2345252
2345252
2345252
2345252
2345252
2345252
2345252
2345252
2345252
2345252
2345252
2345252
2345252
2345252
2345252
2345253
2345253
2345254
2345254
2345255
2345255
2345256
2345256
2345257
2345257
2345258
2345258
2345259
2345259
2345259
2345259
2345259
2345259
2345259
2345259
2345259
2345259
2345259
2345259
2345259
2345259
2345259
2345259
2345259
2345259
2345259
2345259
2345259
2345259
2345259
2345259
2345259
2345259
2345259
2345259
2345259
2345259
2345259
2345259
2345259
2345259
2345259
2345259
2345259
2345259
2345259
2345259
2345259
2345259
2345259
2345259
2345259
2345259
2345259
2345259
2345259
2345259
2345259
2345259
2345259
2345259
2345259
2345259
2345259
2345259
2345260
2345260
2345260
2345260
2345260
2345260
2345260
2345260
2345260
2345260
2345260
2345260
2345260
2345260
2345260
2345260
2345260
2345260
2345260
2345260
2345260
2345260
2345260
2345260
2345260
2345260
2345260
2345260
2345260
2345260
2345260
2345260
2345261
2345261
2345262
2345262
2345263
2345263
2345264
2345264
2345265
2345265
2345266
2345266
2345267
2345267
2345267
2345267
2345267
2345267
2345267
2345267
2345267
2345267
2345267
2345267
2345267
2345267
2345267
2345267
2345267
2345267
2345267
2345267
2345267
2345267
2345267
2345267
2345267
2345267
2345267
2345267
2345267
2345267
2345267
2345267
2345267
2345267
2345267
2345267
2345267
2345267
2345267
2345267
2345267
2345267
2345267
2345267
2345267
2345267
2345267
2345267
2345267
2345267
2345267
2345267
2345267
2345267
2345267
2345268
2345268
2345268
2345268
2345268
2345268
2345268
2345269
2345269
2345270
2345271
2345271
2345272
2345272
2345273
2345273
2345274
2345274
2345274
2345274
2345274
2345274
2345274
2345274
2345274
2345274
2345274
2345274
2345274
2345274
2345274
2345274
2345274
2345274
2345274
2345274
2345274
2345274
2345274
2345274
2345274
2345274
2345274
2345274
2345274
2345274
2345274
2345274
2345274
2345274
2345274
2345274
2345274
2345274
2345274
2345274
2345274
2345274
2345274
2345274
2345274
2345274
2345274
2345275
2345275
2345275
2345275
2345275
2345275
2345275
2345275
2345275
2345275
2345275
2345275
2345275
2345275
2345275
2345275
2345275
2345275
2345275
2345275
2345275
2345275
2345275
2345275
2345275
2345275
2345275
2345275
2345275
2345275
2345275
2345275
2345275
2345275
2345275
2345275
2345275
2345276
2345277
2345277
2345278
2345279
2345279
2345280
2345280
2345281
2345281
2345282
2345282
2345282
2345282
2345282
2345282
2345282
2345282
2345282
2345282
2345282
2345282
2345282
2345282
2345282
2345282
2345282
2345282
2345282
2345282
2345282
2345282
2345282
2345282
2345282
2345282
2345282
2345282
2345282
2345282
2345282
2345282
2345282
2345282
2345282
2345282
2345282
2345282
2345282
2345282
2345282
2345282
2345282
2345282
2345282
2345282
2345282
2345282
2345282
2345282
2345282
2345282
2345282
2345282
2345282
2345282
2345283
2345283
2345283
2345283
2345283
2345283
2345283
2345283
2345283
2345283
2345283
2345283
2345283
2345283
2345283
2345283
2345283
2345283
2345283
2345283
2345283
2345283
2345283
2345283
2345283
2345283
2345283
2345284
2345285
2345285
2345286
2345286
2345287
2345287
2345288
2345288
2345289
2345289
2345289
2345289
2345289
2345289
2345289
2345289
2345289
2345289
2345289
2345289
2345289
2345289
2345289
2345289
2345289
2345289
2345289
2345289
2345289
2345289
2345289
2345289
2345289
2345289
2345289
2345289
2345289
2345289
2345289
2345289
2345289
2345289
2345289
2345289
2345290
2345290
2345290
2345290
2345290
2345290
2345290
2345290
2345290
2345290
2345290
2345290
2345290
2345290
2345290
2345290
2345290
2345290
2345290
2345290
2345290
2345290
2345290
2345290
2345290
2345290
2345290
2345290
2345290
2345290
2345290
2345290
2345290
2345290
2345290
2345290
2345290
2345290
2345290
2345290
2345290
2345290
2345290
2345290
2345290
2345290
2345290
2345290
2345291
2345292
2345292
2345293
2345294
2345294
2345295
2345295
2345296
2345296
2345297
2345297
2345298
2345298
2345298
2345298
2345298
2345298
2345298
2345298
2345298
2345298
2345298
2345298
2345298
2345298
2345298
2345298
2345298
2345298
2345298
2345298
2345298
2345298
2345298
2345298
2345298
2345298
2345298
2345298
2345298
2345298
2345298
2345298
2345298
2345298
2345298
2345298
2345298
2345298
2345298
2345298
2345298
2345298
2345298
2345298
2345298
2345298
2345298
2345298
2345298
2345298
2345298
2345298
2345298
2345298
2345298
2345298
2345299
2345299
2345299
2345299
2345299
2345299
2345299
2345299
2345299
2345299
2345299
2345299
2345299
2345299
2345299
2345299
2345299
2345299
2345299
2345299
2345299
2345299
2345299
2345299
2345299
2345299
2345299
2345299
2345299
2345299
2345299
2345299
2345299
2345299
2345299
2345300
2345300
2345301
2345301
2345302
2345302
2345303
2345303
2345304
2345304
2345305
2345305
2345306
2345306
2345306
2345306
2345306
2345306
2345306
2345306
2345306
2345306
2345306
2345306
2345306
2345306
2345306
2345306
2345306
2345306
2345306
2345306
2345306
2345306
2345306
2345306
2345306
2345306
2345306
2345306
2345306
2345306
2345306
2345306
2345306
2345306
2345306
2345306
2345306
2345306
2345306
2345306
2345306
2345306
2345306
2345306
2345306
2345306
2345306
2345306
2345306
2345306
2345306
2345306
2345306
2345306
2345306
2345306
2345306
2345306
2345306
2345306
2345306
2345306
2345306
2345306
2345306
2345306
2345306
2345306
2345306
2345307
2345307
2345307
2345307
2345307
2345307
2345307
2345307
2345307
2345307
2345307
2345307
2345307
2345307
2345307
2345307
2345307
2345307
2345307
2345307
2345307
2345307
2345307
2345308
2345308
2345309
2345309
2345310
2345310
2345311
2345311
2345312
2345312
2345313
2345313
2345313
2345313
2345313
2345313
2345313
2345313
2345313
2345313
2345313
2345313
2345313
2345313
2345313
2345313
2345313
2345313
2345313
2345313
2345313
2345313
2345313
2345313
2345313
2345313
2345313
2345313
2345313
2345313
2345313
2345313
2345313
2345313
2345313
2345313
2345313
2345314
2345314
2345314
2345314
2345314
2345314
2345314
2345314
2345314
2345314
2345314
2345314
2345314
2345314
2345314
2345314
2345314
2345314
2345314
2345314
2345314
2345314
2345314
2345314
2345314
2345314
2345314
2345314
2345314
2345314
2345314
2345314
2345314
2345314
2345314
2345314
2345314
2345314
2345314
2345314
2345314
2345314
2345314
2345314
2345314
2345314
2345314
2345314
2345315
2345315
2345316
2345317
2345317
2345318
2345318
2345319
2345320
2345320
2345321
2345321
2345321
2345321
2345321
2345321
2345321
2345321
2345321
2345321
2345321
2345321
2345321
2345321
2345321
2345321
2345321
2345321
2345321
2345321
2345321
2345321
2345321
2345321
2345321
2345321
2345321
2345321
2345321
2345321
2345321
2345321
2345321
2345321
2345321
2345321
2345321
2345321
2345321
2345321
2345321
2345321
2345321
2345321
2345321
2345321
2345321
2345321
2345321
2345321
2345321
2345321
2345321
2345321
2345321
2345321
2345321
2345321
2345321
2345321
2345321
2345321
2345321
2345321
2345321
2345321
2345322
2345322
2345322
2345322
2345322
2345322
2345322
2345322
2345322
2345322
2345322
2345322
2345322
2345322
2345322
2345322
2345322
2345322
2345322
2345322
2345322
2345322
2345322
2345323
2345323
2345324
2345325
2345325
2345326
2345326
2345327
2345327
2345328
2345328
2345329
2345329
2345329
2345329
2345329
2345329
2345329
2345329
2345329
2345329
2345329
2345329
2345329
2345329
2345329
2345329
2345329
2345329
2345329
2345329
2345329
2345329
2345329
2345329
2345329
2345329
2345329
2345329
2345329
2345329
2345329
2345329
2345329
2345329
2345329
2345329
2345329
2345329
2345329
2345329
2345329
2345329
2345329
2345329
2345329
2345329
2345329
2345329
2345329
2345329
2345329
2345329
2345329
2345329
2345329
2345329
2345329
2345329
2345329
2345329
2345329
2345329
2345329
2345329
2345329
2345329
2345329
2345329
2345329
2345329
2345329
2345329
2345329
2345329
2345329
2345329
2345329
2345329
2345329
2345329
2345329
2345329
2345329
2345329
2345329
2345329
2345329
2345329
2345329
2345329
2345330
2345331
2345331
2345332
2345333
2345333
2345334
2345334
2345335
2345336
2345336
2345363
2345367
2345371
2345375
2345375
2345375
2345375
2345375
2345375
2345375
2345375
2345375
2345375
2345375
2345375
2345375
2345375
2345375
2345376
2345376
2345376
2345376
2345376
2345376
2345376
2345376
2345376
2345376
2345376
2345376
2345376
2345376
2345376
2345376
2345376
2345376
2345376
2345376
2345376
2345376
2345376
2345376
2345376
2345376
2345376
2345376
2345376
2345376
2345376
2345376
2345376
2345376
2345376
2345376
2345376
2345376
2345376
2345376
2345376
2345376
2345376
2345376
2345376
2345376
2345376
2345376
2345376
2345377
2345378
2345379
2345379
2345380
2345381
2345381
2345382
2345382
2345383
2345383
2345383
2345383
2345383
2345383
2345383
2345383
2345383
2345383
2345383
2345383
2345383
2345383
2345383
2345383
2345383
2345383
2345383
2345383
2345383
2345383
2345383
2345383
2345383
2345383
2345383
2345383
2345383
2345383
2345383
2345383
2345383
2345383
2345383
2345383
2345383
2345383
2345383
2345383
2345383
2345383
2345383
2345384
2345384
2345384
2345384
2345384
2345384
2345384
2345384
2345384
2345384
2345384
2345384
2345384
2345384
2345384
2345384
2345384
2345384
2345384
2345384
2345384
2345384
2345384
2345384
2345384
2345384
2345384
2345384
2345384
2345384
2345385
2345386
2345387
2345387
2345388
2345388
2345389
2345389
2345390
2345390
2345391
2345391
2345391
2345391
2345391
2345391
2345391
2345391
2345391