3456345
3456346
3456346
3456346
3456347
3456347
3456347
3456348
3456348
3456349
3456349
3456349
3456350
3456350
3456350
3456351
3456351
3456351
3456352
3456352
3456352
3456353
3456353
3456353
3456354
3456354
3456355
3456355
3456355
3456356
3456356
3456356
3456357
3456357
3456357
3456358
3456358
3456358
3456359
3456359
3456360
3456360
3456360
3456361
3456361
3456361
3456362
3456362
3456362
3456363
3456363
3456363
3456364
3456364
3456364
3456365
3456365
3456366
3456366
3456367
3456367
3456368
3456368
3456369
3456370
3456370
3456371
3456371
3456372
3456372
3456373
3456373
3456373
3456374
3456374
3456374
3456375
3456375
3456376
3456376
3456376
3456377
3456377
3456377
3456378
3456378
3456378
3456379
3456379
3456380
3456380
3456380
3456381
3456381
3456381
3456382
3456382
3456382
3456383
3456383
3456383
3456384
3456384
3456385
3456385
3456388
3456390
3456393
3456396
3456399
3456402
3456404
3456407
3456410
3456413
3456415
3456418
3456421
3456423
3456426
3456429
3456429
3456430
3456431
3456431
3456431
3456432
3456432
3456432
3456433
3456433
3456434
3456434
3456434
3456435
3456435
3456435
3456436
3456436
3456436
3456437
3456437
3456437
3456438
3456438
3456438
3456439
3456439
3456440
3456440
3456440
3456441
3456441
3456441
3456442
3456442
3456442
3456443
3456443
3456443
3456444
3456444
3456444
3456445
3456445
3456446
3456446
3456446
3456447
3456447
3456447
3456448
3456448
3456448
3456449
3456449
3456450
3456450
3456450
3456451
3456451
3456451
3456452
3456452
3456452
3456453
3456453
3456454
3456454
3456454
3456455
3456455
3456455
3456456
3456456
3456457
3456457
3456457
3456458
3456458
3456458
3456459
3456459
3456459
3456460
3456460
3456461
3456461
3456461
3456462
3456462
3456464
3456467
3456470
3456472
3456475
3456478
3456481
3456484
3456486
3456489
3456492
3456494
3456497
3456500
3456502
3456504
3456507
3456509
3456511
3456512
3456512
3456513
3456513
3456514
3456514
3456514
3456515
3456515
3456515
3456516
3456516
3456516
3456517
3456517
3456518
3456518
3456518
3456519
3456519
3456519
3456520
3456520
3456520
3456521
3456521
3456522
3456522
3456522
3456523
3456523
3456523
3456524
3456524
3456524
3456525
3456525
3456525
3456526
3456526
3456527
3456527
3456527
3456528
3456528
3456528
3456529
3456529
3456529
3456530
3456530
3456530
3456531
3456531
3456532
3456532
3456532
3456533
3456533
3456533
3456534
3456534
3456534
3456535
3456535
3456536
3456536
3456537
3456537
3456537
3456538
3456538
3456538
3456539
3456539
3456540
3456540
3456540
3456541
3456541
3456541
3456542
3456543
3456546
3456549
3456552
3456555
3456558
3456561
3456564
3456567
3456570
3456573
3456575
3456578
3456580
3456583
3456586
3456588
3456590
3456593
3456596
3456598
3456601
3456603
3456605
3456608
3456611
3456613
3456615
3456617
3456620
3456623
3456625
3456627
3456629
3456632
3456635
3456637
3456640
3456642
3456644
3456647
3456650
3456652
3456654
3456656
3456659
3456662
3456664
3456667
3456669
3456671
3456674
3456676
3456679
3456681
3456683
3456686
3456688
3456691
3456693
3456695
3456698
3456700
3456703
3456705
3456707
3456710
3456712
3456715
3456717
3456719
3456722
3456724
3456727
3456729
3456731
3456734
3456736
3456739
3456741
3456743
3456746
3456748
3456751
3456753
3456755
3456758
3456761
3456763
3456765
3456767
3456770
3456773
3456775
3456777
3456780
3456783
3456799
3456840
3456882
3456923
3456945
3456948
3456951
3456954
3456957
3456961
3456964
3456967
3456971
3456974
3456976
3456979
3456982
3456986
3456988
3456991
3456994
3456997
3457001
3457004
3457007
3457010
3457012
3457016
3457019
3457022
3457025
3457028
3457031
3457034
3457038
3457041
3457043
3457044
3457045
3457046
3457047
3457048
3457049
3457050
3457051
3457054
3457057
3457061
3457063
3457064
3457065
3457066
3457069
3457073
3457076
3457079
3457081
3457084
3457087
3457089
3457092
3457095
3457097
3457098
3457098
3457099
3457099
3457099
3457100
3457100
3457100
3457101
3457101
3457101
3457102
3457102
3457102
3457103
3457103
3457103
3457104
3457104
3457105
3457105
3457105
3457106
3457106
3457106
3457107
3457107
3457107
3457108
3457108
3457108
3457109
3457109
3457109
3457110
3457110
3457110
3457111
3457111
3457111
3457112
3457112
3457112
3457113
3457113
3457114
3457114
3457114
3457115
3457115
3457115
3457116
3457116
3457116
3457117
3457117
3457117
3457118
3457118
3457118
3457119
3457119
3457119
3457120
3457120
3457120
3457121
3457121
3457121
3457122
3457122
3457122
3457123
3457123
3457123
3457124
3457124
3457125
3457125
3457125
3457126
3457126
3457126
3457127
3457127
3457127
3457128
3457128
3457128
3457129
3457129
3457129
3457130
3457130
3457131
3457131
3457131
3457132
3457132
3457132
3457133
3457133
3457133
3457134
3457134
3457135
3457135
3457135
3457136
3457136
3457136
3457137
3457137
3457137
3457138
3457138
3457139
3457139
3457139
3457140
3457140
3457140
3457141
3457141
3457142
3457142
3457142
3457143
3457143
3457143
3457144
3457144
3457144
3457145
3457145
3457145
3457146
3457146
3457146
3457147
3457147
3457148
3457148
3457148
3457149
3457149
3457149
3457150
3457150
3457150
3457151
3457151
3457151
3457152
3457152
3457152
3457153
3457153
3457153
3457154
3457154
3457155
3457155
3457155
3457156
3457156
3457156
3457157
3457157
3457157
3457158
3457158
3457158
3457159
3457159
3457159
3457160
3457160
3457160
3457161
3457161
3457162
3457162
3457162
3457163
3457163
3457163
3457164
3457164
3457164
3457165
3457165
3457165
3457166
3457166
3457166
3457167
3457167
3457167
3457168
3457168
3457169
3457169
3457169
3457170
3457170
3457170
3457171
3457171
3457171
3457172
3457172
3457172
3457173
3457173
3457173
3457174
3457174
3457174
3457175
3457175
3457176
3457176
3457176
3457177
3457177
3457177
3457178
3457178
3457178
3457179
3457179
3457179
3457180
3457180
3457181
3457181
3457181
3457182
3457182
3457182
3457183
3457183
3457184
3457184
3457184
3457185
3457185
3457185
3457186
3457186
3457186
3457187
3457187
3457187
3457188
3457188
3457188
3457189
3457189
3457190
3457190
3457190
3457191
3457191
3457191
3457192
3457192
3457192
3457193
3457193
3457193
3457194
3457194
3457194
3457195
3457195
3457195
3457196
3457196
3457197
3457197
3457197
3457198
3457198
3457198
3457199
3457199
3457199
3457200
3457200
3457200
3457201
3457201
3457201
3457202
3457202
3457202
3457203
3457203
3457204
3457204
3457204
3457205
3457205
3457205
3457206
3457206
3457206
3457207
3457207
3457207
3457208
3457208
3457209
3457209
3457209
3457210
3457210
3457210
3457211
3457211
3457211
3457212
3457212
3457213
3457213
3457213
3457214
3457214
3457214
3457215
3457215
3457215
3457216
3457216
3457217
3457217
3457217
3457218
3457218
3457218
3457219
3457219
3457219
3457220
3457220
3457220
3457221
3457221
3457222
3457222
3457222
3457223
3457223
3457223
3457224
3457224
3457224
3457225
3457225
3457226
3457226
3457226
3457227
3457227
3457227
3457228
3457228
3457228
3457229
3457229
3457229
3457230
3457230
3457231
3457231
3457231
3457232
3457232
3457232
3457233
3457233
3457233
3457234
3457234
3457235
3457235
3457235
3457236
3457236
3457236
3457237
3457237
3457237
3457238
3457238
3457239
3457239
3457239
3457240
3457240
3457240
3457241
3457241
3457243
3457245
3457248
3457251
3457254
3457257
3457259
3457262
3457265
3457268
3457270
3457273
3457276
3457279
3457281
3457283
3457284
3457285
3457285
3457286
3457286
3457286
3457287
3457287
3457288
3457288
3457288
3457289
3457289
3457289
3457290
3457290
3457290
3457291
3457291
3457292
3457292
3457292
3457293
3457293
3457293
3457294
3457294
3457295
3457295
3457295
3457296
3457296
3457296
3457297
3457297
3457297
3457298
3457298
3457299
3457299
3457299
3457300
3457300
3457300
3457301
3457301
3457301
3457302
3457302
3457303
3457303
3457303
3457304
3457304
3457304
3457305
3457305
3457306
3457306
3457306
3457307
3457307
3457307
3457308
3457308
3457308
3457309
3457309
3457310
3457310
3457310
3457311
3457311
3457311
3457312
3457312
3457312
3457313
3457313
3457314
3457314
3457314
3457315
3457315
3457315
3457316
3457317
3457319
3457322
3457325
3457327
3457330
3457333
3457336
3457338
3457341
3457344
3457344
3457345
3457346
3457346
3457346
3457347
3457347
3457348
3457348
3457348
3457349
3457349
3457349
3457350
3457350
3457350
3457351
3457351
3457351
3457352
3457352
3457352
3457353
3457353
3457354
3457354
3457354
3457355
3457355
3457355
3457356
3457356
3457356
3457357
3457357
3457357
3457358
3457358
3457358
3457359
3457359
3457359
3457360
3457360
3457361
3457361
3457361
3457362
3457362
3457362
3457363
3457363
3457363
3457364
3457364
3457364
3457365
3457365
3457365
3457366
3457366
3457368
3457371
3457374
3457376
3457379
3457382
3457385
3457387
3457390
3457393
3457395
3457398
3457401
3457403
3457406
3457408
3457410
3457413
3457415
3457415
3457416
3457416
3457417
3457417
3457417
3457418
3457418
3457418
3457419
3457419
3457420
3457420
3457420
3457421
3457421
3457421
3457422
3457422
3457422
3457423
3457423
3457423
3457424
3457424
3457425
3457425
3457425
3457426
3457426
3457426
3457427
3457427
3457427
3457428
3457428
3457429
3457429
3457429
3457430
3457430
3457430
3457431
3457431
3457431
3457432
3457432
3457433
3457433
3457433
3457434
3457434
3457434
3457435
3457435
3457436
3457436
3457436
3457437
3457437
3457437
3457438
3457438
3457438
3457439
3457439
3457440
3457440
3457440
3457441
3457441
3457441
3457442
3457442
3457442
3457443
3457443
3457444
3457446
3457449
3457451
3457453
3457456
3457458
3457460
3457462
3457465
3457467
3457469
3457471
3457474
3457476
3457478
3457481
3457483
3457485
3457487
3457490
3457495
3457499
3457504
3457508
3457513
3457517
3457522
3457526
3457530
3457534
3457539
3457543
3457547
3457552
3457556
3457560
3457565
3457569
3457574
3457578
3457582
3457586
3457590
3457594
3457598
3457603
3457607
3457609
3457612
3457615
3457617
3457620
3457622
3457624
3457627
3457629
3457632
3457634
3457636
3457639
3457642
3457644
3457647
3457649
3457651
3457654
3457656
3457659
3457661
3457663
3457666
3457668
3457671
3457673
3457675
3457678
3457680
3457683
3457685
3457687
3457690
3457692
3457695
3457697
3457700
3457701
3457702
3457702
3457703
3457703
3457703
3457704
3457704
3457704
3457705
3457708
3457710
3457713
3457716
3457718
3457721
3457724
3457726
3457728
3457730
3457733
3457736
3457737
3457740
3457742
3457744
3457745
3457746
3457746
3457747
3457747
3457747
3457748
3457748
3457749
3457750
3457754
3457758
3457762
3457765
3457769
3457773
3457776
3457780
3457783
3457786
3457827
3457869
3457873
3457876
3457880
3457884
3457887
3457890
3457894
3457897
3457901
3457905
3457908
3457911
3457915
3457918
3457922
3457925
3457928
3457932
3457936
3457939
3457943
3457946
3457949
3457953
3457957
3457960
3457963
3457967
3457970
3457974
3457977
3457981
3457985
3457989
3457992
3457995
3457998
3458002
3458005
3458008
3458010
3458011
3458012
3458013
3458014
3458016
3458016
3458016
3458017
3458017
3458018
3458018
3458018
3458019
3458019
3458019
3458020
3458020
3458020
3458021
3458021
3458022
3458022
3458022
3458023
3458023
3458023
3458024
3458024
3458025
3458025
3458025
3458026
3458026
3458026
3458027
3458027
3458027
3458028
3458028
3458029
3458029
3458029
3458030
3458030
3458030
3458031
3458031
3458031
3458032
3458032
3458033
3458033
3458033
3458034
3458034
3458034
3458035
3458035
3458036
3458036
3458036
3458037
3458037
3458037
3458038
3458038
3458038
3458039
3458039
3458040
3458040
3458040
3458041
3458041
3458041
3458042
3458042
3458042
3458043
3458043
3458044
3458044
3458044
3458045
3458045
3458045
3458046
3458046
3458047
3458047
3458047
3458048
3458048
3458048
3458049
3458049
3458049
3458050
3458050
3458051
3458051
3458051
3458052
3458052
3458052
3458053
3458053
3458053
3458054
3458054
3458055
3458055
3458055
3458056
3458056
3458056
3458057
3458057