1234136
1234149
1234162
1234175
1234188
1234201
1234214
1234227
1234239
1234252
1234265
1234279
1234293
1234308
1234322
1234336
1234349
1234362
1234375
1234388
1234401
1234413
1234426
1234439
1234453
1234465
1234478
1234491
1234504
1234515
1234526
1234537
1234548
1234559
1234571
1234582
1234593
1234603
1234614
1234626
1234637
1234648
1234659
1234669
1234680
1234691
1234701
1234711
1234722
1234732
1234743
1234753
1234763
1234774
1234785
1234795
1234806
1234816
1234827
1234838
1234848
1234859
1234870
1234880
1234890
1234900
1234910
1234920
1234930
1234940
1234950
1234960
1234970
1234980
1234990
1234999
1235009
1235019
1235029
1235039
1235049
1235058
1235069
1235079
1235089
1235098
1235109
1235118
1235128
1235138
1235148
1235158
1235168
1235177
1235189
1235200
1235213
1235225
1235236
1235247
1235258
1235270
1235282
1235292
1235301
1235310
1235318
1235327
1235336
1235345
1235354
1235362
1235371
1235380
1235388
1235397
1235406
1235414
1235423
1235432
1235440
1235449
1235458
1235466
1235475
1235483
1235492
1235501
1235509
1235518
1235526
1235535
1235543
1235552
1235561
1235569
1235578
1235588
1235598
1235608
1235617
1235627
1235637
1235647
1235657
1235666
1235677
1235687
1235696
1235706
1235715
1235725
1235735
1235745
1235755
1235765
1235774
1235784
1235793
1235803
1235813
1235822
1235832
1235842
1235851
1235861
1235871
1235880
1235888
1235896
1235903
1235910
1235916
1235923
1235929
1235936
1235943
1235950
1235957
1235963
1235970
1235977
1235983
1235990
1235997
1236003
1236010
1236017
1236023
1236030
1236037
1236044
1236051
1236057
1236064
1236071
1236078
1236085
1236091
1236098
1236105
1236111
1236118
1236125
1236131
1236138
1236145
1236152
1236158
1236165
1236172
1236179
1236185
1236192
1236198
1236205
1236212
1236218
1236225
1236232
1236240
1236247
1236254
1236263
1236270
1236277
1236284
1236290
1236297
1236304
1236311
1236318
1236324
1236332
1236340
1236350
1236358
1236367
1236376
1236385
1236394
1236402
1236411
1236420
1236429
1236438
1236446
1236455
1236464
1236473
1236481
1236490
1236499
1236508
1236516
1236525
1236534
1236543
1236551
1236560
1236568
1236577
1236586
1236595
1236603
1236612
1236621
1236629
1236638
1236646
1236655
1236663
1236672
1236682
1236692
1236702
1236712
1236721
1236731
1236741
1236751
1236761
1236770
1236780
1236788
1236796
1236802
1236808
1236814
1236821
1236827
1236833
1236839
1236844
1236849
1236854
1236859
1236864
1236869
1236874
1236879
1236884
1236889
1236894
1236898
1236903
1236906
1236908
1236911
1236914
1236916
1236918
1236921
1236923
1236925
1236928
1236931
1236933
1236936
1236939
1236942
1236945
1236948
1236951
1236954
1236956
1236959
1236962
1236965
1236968
1236971
1236974
1236977
1236980
1236983
1236986
1236989
1236992
1236995
1236998
1237001
1237004
1237007
1237010
1237013
1237017
1237019
1237022
1237025
1237028
1237031
1237034
1237037
1237040
1237043
1237046
1237049
1237052
1237055
1237058
1237061
1237064
1237067
1237070
1237073
1237076
1237079
1237082
1237085
1237088
1237091
1237094
1237098
1237102
1237108
1237113
1237118
1237122
1237128
1237133
1237138
1237143
1237147
1237152
1237157
1237162
1237167
1237172
1237177
1237182
1237187
1237192
1237197
1237202
1237206
1237211
1237216
1237221
1237226
1237231
1237235
1237240
1237245
1237250
1237255
1237260
1237264
1237269
1237274
1237279
1237283
1237289
1237294
1237300
1237307
1237313
1237319
1237325
1237331
1237337
1237343
1237349
1237355
1237361
1237367
1237373
1237379
1237385
1237391
1237397
1237403
1237409
1237415
1237420
1237426
1237432
1237438
1237444
1237450
1237455
1237461
1237467
1237473
1237478
1237484
1237487
1237491
1237495
1237498
1237501
1237504
1237507
1237509
1237512
1237515
1237518
1237521
1237524
1237527
1237530
1237533
1237536
1237539
1237542
1237545
1237548
1237551
1237553
1237556
1237559
1237562
1237565
1237568
1237571
1237573
1237576
1237579
1237582
1237585
1237588
1237591
1237594
1237597
1237600
1237603
1237606
1237609
1237612
1237615
1237618
1237620
1237623
1237626
1237629
1237633
1237636
1237639
1237641
1237644
1237647
1237650
1237653
1237655
1237658
1237661
1237664
1237667
1237670
1237673
1237676
1237680
1237684
1237689
1237693
1237698
1237704
1237708
1237713
1237718
1237723
1237728
1237733
1237738
1237743
1237748
1237753
1237758
1237763
1237768
1237772
1237777
1237782
1237787
1237791
1237796
1237801
1237806
1237811
1237815
1237821
1237826
1237833
1237839
1237846
1237852
1237859
1237865
1237875
1237886
1237896
1237915
1237936
1237946
1237955
1237964
1237972
1237980
1237988
1237996
1238003
1238010
1238017
1238024
1238031
1238038
1238044
1238051
1238058
1238065
1238072
1238079
1238086
1238094
1238102
1238109
1238116
1238123
1238130
1238137
1238144
1238151
1238158
1238165
1238171
1238177
1238182
1238187
1238198
1238234
1238270
1238307
1238321
1238335
1238339
1238343
1238348
1238352
1238356
1238360
1238365
1238370
1238375
1238380
1238385
1238390
1238395
1238400
1238405
1238411
1238418
1238424
1238431
1238438
1238445
1238452
1238458
1238465
1238472
1238478
1238485
1238492
1238499
1238506
1238513
1238520
1238526
1238533
1238540
1238546
1238552
1238559
1238565
1238571
1238577
1238583
1238590
1238596
1238602
1238608
1238614
1238620
1238626
1238633
1238639
1238646
1238652
1238658
1238664
1238670
1238678
1238685
1238693
1238702
1238711
1238720
1238729
1238737
1238745
1238754
1238762
1238770
1238778
1238786
1238794
1238802
1238810
1238818
1238826
1238834
1238842
1238850
1238858
1238866
1238874
1238882
1238890
1238898
1238907
1238917
1238927
1238937
1238947
1238957
1238966
1238976
1238986
1238996
1239005
1239014
1239024
1239033
1239042
1239051
1239060
1239068
1239077
1239098
1239139
1239176
1239185
1239219
1239236
1239245
1239254
1239263
1239272
1239281
1239290
1239299
1239308
1239316
1239324
1239333
1239340
1239348
1239356
1239364
1239372
1239380
1239388
1239396
1239404
1239411
1239419
1239427
1239435
1239442
1239448
1239455
1239462
1239469
1239476
1239483
1239490
1239497
1239504
1239511
1239517
1239524
1239530
1239536
1239542
1239547
1239553
1239559
1239564
1239570
1239575
1239581
1239587
1239593
1239598
1239604
1239609
1239615
1239621
1239626
1239632
1239638
1239643
1239649
1239655
1239660
1239666
1239672
1239677
1239683
1239689
1239694
1239700
1239705
1239723
1239748
1239773
1239798
1239823
1239849
1239873
1239884
1239895
1239902
1239909
1239916
1239922
1239928
1239934
1239942
1239961
1239987
1240013
1240038
1240060
1240070
1240078
1240086
1240095
1240103
1240111
1240119
1240127
1240140
1240169
1240197
1240214
1240223
1240231
1240240
1240250
1240259
1240268
1240281
1240306
1240324
1240343
1240363
1240381
1240400
1240420
1240436
1240458
1240474
1240494
1240515
1240531
1240552
1240569
1240590
1240608
1240630
1240650
1240670
1240692
1240710
1240733
1240751
1240773
1240791
1240814
1240832
1240854
1240871
1240893
1240909
1240926
1240948
1240964
1240987
1241004
1241021
1241044
1241061
1241084
1241103
1241124
1241144
1241164
1241186
1241205
1241224
1241245
1241263
1241281
1241290
1241301
1241316
1241325
1241338
1241360
1241379
1241401
1241418
1241445
1241465
1241494
1241511
1241526
1241542
1241566
1241590
1241604
1241620
1241633
1241646
1241666
1241678
1241696
1241711
1241733
1241749
1241770
1241786
1241816
1241830
1241844
1241852
1241859
1241866
1241873
1241880
1241887
1241894
1241901
1241908
1241915
1241923
1241930
1241937
1241944
1241951
1241959
1241966
1241973
1241980
1241987
1241994
1242000
1242007
1242013
1242020
1242026
1242033
1242039
1242046
1242052
1242059
1242066
1242073
1242081
1242089
1242098
1242108
1242117
1242128
1242139
1242150
1242161
1242172
1242184
1242195
1242206
1242217
1242228
1242239
1242250
1242261
1242273
1242284
1242295
1242306
1242317
1242328
1242339
1242350
1242383
1242426
1242471
1242507
1242518
1242528
1242539
1242549
1242559
1242568
1242577
1242586
1242595
1242604
1242613
1242621
1242629
1242637
1242644
1242651
1242658
1242665
1242673
1242680
1242688
1242696
1242705
1242713
1242721
1242729
1242737
1242745
1242753
1242761
1242768
1242776
1242783
1242790
1242797
1242804
1242811
1242818
1242825
1242832
1242839
1242846
1242853
1242860
1242868
1242875
1242882
1242889
1242896
1242902
1242908
1242914
1242919
1242923
1242928
1242933
1242937
1242942
1242947
1242951
1242956
1242960
1242965
1242970
1242974
1242979
1242983
1242988
1242993
1242997
1243002
1243006
1243011
1243016
1243021
1243025
1243030
1243034
1243039
1243043
1243048
1243053
1243057
1243062
1243066
1243071
1243076
1243080
1243085
1243090
1243094
1243099
1243104
1243108
1243113
1243117
1243122
1243126
1243131
1243136
1243141
1243146
1243152
1243157
1243163
1243169
1243175
1243181
1243187
1243193
1243198
1243204
1243210
1243216
1243223
1243230
1243238
1243246
1243255
1243264
1243273
1243282
1243292
1243302
1243312
1243322
1243332
1243342
1243353
1243363
1243372
1243383
1243393
1243403
1243412
1243421
1243430
1243439
1243449
1243457
1243466
1243475
1243484
1243493
1243502
1243510
1243520
1243530
1243539
1243547
1243555
1243563
1243572
1243581
1243590
1243599
1243608
1243617
1243627
1243636
1243645
1243654
1243663
1243672
1243681
1243692
1243705
1243719
1243733
1243747
1243761
1243776
1243790
1243804
1243819
1243833
1243847
1243862
1243876
1243890
1243904
1243918
1243931
1243945
1243958
1243972
1243985
1243999
1244013
1244026
1244040
1244053
1244066
1244078
1244090
1244102
1244114
1244126
1244138
1244149
1244161
1244173
1244185
1244197
1244209
1244221
1244232
1244242
1244251
1244260
1244269
1244277
1244286
1244295
1244304
1244312
1244322
1244331
1244340
1244350
1244359
1244368
1244377
1244386
1244396
1244405
1244414
1244423
1244433
1244442
1244451
1244462
1244472
1244483
1244493
1244504
1244515
1244526
1244537
1244547
1244558
1244568
1244578
1244588
1244597
1244608
1244618
1244627
1244637
1244648
1244659
1244671
1244682
1244693
1244706
1244718
1244730
1244742
1244756
1244770
1244785
1244801
1244816
1244829
1244843
1244855
1244869
1244884
1244898
1244911
1244924
1244938
1244951
1244964
1244978
1244992
1245004
1245015
1245026
1245035
1245045
1245055
1245065
1245075
1245085
1245095
1245105
1245143
1245180
1245216
1245251
1245286
1245321
1245356
1245392
1245413
1245425
1245437
1245447
1245458
1245469
1245480
1245491
1245502
1245513
1245524
1245535
1245546
1245557
1245568
1245579
1245589
1245601
1245613
1245624
1245635
1245647
1245658
1245669
1245680
1245692
1245703
1245715
1245726
1245740
1245754
1245767
1245779
1245790
1245802
1245813
1245824
1245836
1245845
1245856
1245868
1245878
1245889
1245900
1245911
1245926
1245945
1245965
1245984
1246003
1246023
1246042
1246062
1246081
1246101
1246120
1246134
1246142
1246151
1246162
1246174
1246185
1246196
1246206
1246216
1246225
1246235
1246246
1246284
1246326
1246361
1246373
1246383
1246394
1246404
1246415
1246424
1246433
1246443
1246452
1246461
1246470
1246480
1246489
1246498
1246507
1246517
1246527
1246536
1246546
1246555
1246565
1246574
1246583
1246592
1246601
1246611
1246620
1246629
1246639
1246649
1246658
1246668
1246679
1246691
1246704
1246716
1246728
1246739
1246751
1246763
1246775
1246786
1246798
1246810
1246821
1246833
1246845
1246856
1246868
1246880
1246892
1246904
1246915
1246927
1246938
1246950
1246961
1246971
1246982
1246993
1247005
1247016
1247026
1247037
1247048
1247059
1247071
1247082
1247092
1247103
1247114
1247125
1247136
1247147
1247158
1247169
1247179
1247192
1247204
1247216
1247229
1247241
1247254
1247266
1247279
1247291
1247302
1247313
1247323
1247334
1247345
1247356
1247366
1247377
1247388
1247399
1247410
1247420
1247431
1247442
1247453
1247465
1247476
1247489
1247501
1247513
1247525
1247537
1247547
1247557
1247567
1247577
1247587
1247598
1247608
1247618
1247628